P_cp = 1924000; % [J/°C]
H_l = 1050;     % [W/°C]
C = 2267000;    % [W/°C]
n0_S = 1322;    % [m^2]