P_cp = 1924;
H_l = 1.05;
C = 2267;
n0_S = 1322;